tag	round	n	Setup(s)	EncodeDB(s)	EncodeIndex(s)	Query(ms)	Verify(ms)	Decrypt(ms)
2order14	1	16384	19.62	79.66	0.00	19558.67	4.85	0.02
2order20	2	1048576
2order12	2	4096	4.94	5.09	0.00	4996.09	4.94	0.02
2order20	3	1048576
2order10	2	1024	1.29	0.40	0.00	1232.05	4.87	0.02
2order16	3	65536	78.22	1268.48	0.00	78211.29	4.87	0.02
2order18	3	262144	313.08	20382.53	0.00	315518.44	4.95	0.03
2order18	1	262144	312.89	20358.48	0.00	313620.99	4.90	0.05
2order8	1	256	0.36	0.03	0.00	306.46	4.90	0.01
2order8	2	256	0.37	0.03	0.00	306.33	4.88	0.02
2order12	1	4096	4.97	5.09	0.00	4935.16	4.93	0.02
2order10	1	1024	1.30	0.35	0.00	1233.15	4.91	0.02
2order16	1	65536	78.23	1266.90	0.00	78268.65	4.88	0.04
2order20	1	1048576
2order16	2	65536	78.36	1267.15	0.00	78421.09	4.86	0.03
2order14	3	16384	19.72	79.96	0.00	19610.49	4.87	0.02
2order10	3	1024	1.28	0.36	0.00	1222.15	4.90	0.02
2order14	2	16384	19.64	80.98	0.00	19572.12	4.89	0.02
2order12	3	4096	4.95	5.09	0.00	4891.92	4.90	0.02
2order8	3	256	0.39	0.03	0.00	306.53	4.88	0.02
2order18	2	262144	314.35	20348.25	0.00	316242.24	4.97	0.05
